Class      | Recall  | Precision | F1 Score | Accuracy
-------------------------------------------------------
Epoch 1
ABE        | 0.8045 | 0.8115 | 0.7894 | 0.8045
ART        | 0.8045 | 0.8115 | 0.7894 | 0.8045
BAS        | 0.8045 | 0.8115 | 0.7894 | 0.8045
BLA        | 0.8045 | 0.8115 | 0.7894 | 0.8045
EBO        | 0.8045 | 0.8115 | 0.7894 | 0.8045
EOS        | 0.8045 | 0.8115 | 0.7894 | 0.8045
FGC        | 0.8045 | 0.8115 | 0.7894 | 0.8045
HAC        | 0.8045 | 0.8115 | 0.7894 | 0.8045
KSC        | 0.8045 | 0.8115 | 0.7894 | 0.8045
LYI        | 0.8045 | 0.8115 | 0.7894 | 0.8045
LYT        | 0.8045 | 0.8115 | 0.7894 | 0.8045
MMZ        | 0.8045 | 0.8115 | 0.7894 | 0.8045
MON        | 0.8045 | 0.8115 | 0.7894 | 0.8045
MYB        | 0.8045 | 0.8115 | 0.7894 | 0.8045
NGB        | 0.8045 | 0.8115 | 0.7894 | 0.8045
NGS        | 0.8045 | 0.8115 | 0.7894 | 0.8045
NIF        | 0.8045 | 0.8115 | 0.7894 | 0.8045
OTH        | 0.8045 | 0.8115 | 0.7894 | 0.8045
PEB        | 0.8045 | 0.8115 | 0.7894 | 0.8045
PLM        | 0.8045 | 0.8115 | 0.7894 | 0.8045
PMO        | 0.8045 | 0.8115 | 0.7894 | 0.8045

Epoch 2
ABE        | 0.8406 | 0.8435 | 0.8389 | 0.8406
ART        | 0.8406 | 0.8435 | 0.8389 | 0.8406
BAS        | 0.8406 | 0.8435 | 0.8389 | 0.8406
BLA        | 0.8406 | 0.8435 | 0.8389 | 0.8406
EBO        | 0.8406 | 0.8435 | 0.8389 | 0.8406
EOS        | 0.8406 | 0.8435 | 0.8389 | 0.8406
FGC        | 0.8406 | 0.8435 | 0.8389 | 0.8406
HAC        | 0.8406 | 0.8435 | 0.8389 | 0.8406
KSC        | 0.8406 | 0.8435 | 0.8389 | 0.8406
LYI        | 0.8406 | 0.8435 | 0.8389 | 0.8406
LYT        | 0.8406 | 0.8435 | 0.8389 | 0.8406
MMZ        | 0.8406 | 0.8435 | 0.8389 | 0.8406
MON        | 0.8406 | 0.8435 | 0.8389 | 0.8406
MYB        | 0.8406 | 0.8435 | 0.8389 | 0.8406
NGB        | 0.8406 | 0.8435 | 0.8389 | 0.8406
NGS        | 0.8406 | 0.8435 | 0.8389 | 0.8406
NIF        | 0.8406 | 0.8435 | 0.8389 | 0.8406
OTH        | 0.8406 | 0.8435 | 0.8389 | 0.8406
PEB        | 0.8406 | 0.8435 | 0.8389 | 0.8406
PLM        | 0.8406 | 0.8435 | 0.8389 | 0.8406
PMO        | 0.8406 | 0.8435 | 0.8389 | 0.8406

Epoch 3
ABE        | 0.8477 | 0.8507 | 0.8455 | 0.8477
ART        | 0.8477 | 0.8507 | 0.8455 | 0.8477
BAS        | 0.8477 | 0.8507 | 0.8455 | 0.8477
BLA        | 0.8477 | 0.8507 | 0.8455 | 0.8477
EBO        | 0.8477 | 0.8507 | 0.8455 | 0.8477
EOS        | 0.8477 | 0.8507 | 0.8455 | 0.8477
FGC        | 0.8477 | 0.8507 | 0.8455 | 0.8477
HAC        | 0.8477 | 0.8507 | 0.8455 | 0.8477
KSC        | 0.8477 | 0.8507 | 0.8455 | 0.8477
LYI        | 0.8477 | 0.8507 | 0.8455 | 0.8477
LYT        | 0.8477 | 0.8507 | 0.8455 | 0.8477
MMZ        | 0.8477 | 0.8507 | 0.8455 | 0.8477
MON        | 0.8477 | 0.8507 | 0.8455 | 0.8477
MYB        | 0.8477 | 0.8507 | 0.8455 | 0.8477
NGB        | 0.8477 | 0.8507 | 0.8455 | 0.8477
NGS        | 0.8477 | 0.8507 | 0.8455 | 0.8477
NIF        | 0.8477 | 0.8507 | 0.8455 | 0.8477
OTH        | 0.8477 | 0.8507 | 0.8455 | 0.8477
PEB        | 0.8477 | 0.8507 | 0.8455 | 0.8477
PLM        | 0.8477 | 0.8507 | 0.8455 | 0.8477
PMO        | 0.8477 | 0.8507 | 0.8455 | 0.8477

Epoch 4
ABE        | 0.8530 | 0.8491 | 0.8483 | 0.8530
ART        | 0.8530 | 0.8491 | 0.8483 | 0.8530
BAS        | 0.8530 | 0.8491 | 0.8483 | 0.8530
BLA        | 0.8530 | 0.8491 | 0.8483 | 0.8530
EBO        | 0.8530 | 0.8491 | 0.8483 | 0.8530
EOS        | 0.8530 | 0.8491 | 0.8483 | 0.8530
FGC        | 0.8530 | 0.8491 | 0.8483 | 0.8530
HAC        | 0.8530 | 0.8491 | 0.8483 | 0.8530
KSC        | 0.8530 | 0.8491 | 0.8483 | 0.8530
LYI        | 0.8530 | 0.8491 | 0.8483 | 0.8530
LYT        | 0.8530 | 0.8491 | 0.8483 | 0.8530
MMZ        | 0.8530 | 0.8491 | 0.8483 | 0.8530
MON        | 0.8530 | 0.8491 | 0.8483 | 0.8530
MYB        | 0.8530 | 0.8491 | 0.8483 | 0.8530
NGB        | 0.8530 | 0.8491 | 0.8483 | 0.8530
NGS        | 0.8530 | 0.8491 | 0.8483 | 0.8530
NIF        | 0.8530 | 0.8491 | 0.8483 | 0.8530
OTH        | 0.8530 | 0.8491 | 0.8483 | 0.8530
PEB        | 0.8530 | 0.8491 | 0.8483 | 0.8530
PLM        | 0.8530 | 0.8491 | 0.8483 | 0.8530
PMO        | 0.8530 | 0.8491 | 0.8483 | 0.8530

Epoch 5
ABE        | 0.8559 | 0.8560 | 0.8522 | 0.8559
ART        | 0.8559 | 0.8560 | 0.8522 | 0.8559
BAS        | 0.8559 | 0.8560 | 0.8522 | 0.8559
BLA        | 0.8559 | 0.8560 | 0.8522 | 0.8559
EBO        | 0.8559 | 0.8560 | 0.8522 | 0.8559
EOS        | 0.8559 | 0.8560 | 0.8522 | 0.8559
FGC        | 0.8559 | 0.8560 | 0.8522 | 0.8559
HAC        | 0.8559 | 0.8560 | 0.8522 | 0.8559
KSC        | 0.8559 | 0.8560 | 0.8522 | 0.8559
LYI        | 0.8559 | 0.8560 | 0.8522 | 0.8559
LYT        | 0.8559 | 0.8560 | 0.8522 | 0.8559
MMZ        | 0.8559 | 0.8560 | 0.8522 | 0.8559
MON        | 0.8559 | 0.8560 | 0.8522 | 0.8559
MYB        | 0.8559 | 0.8560 | 0.8522 | 0.8559
NGB        | 0.8559 | 0.8560 | 0.8522 | 0.8559
NGS        | 0.8559 | 0.8560 | 0.8522 | 0.8559
NIF        | 0.8559 | 0.8560 | 0.8522 | 0.8559
OTH        | 0.8559 | 0.8560 | 0.8522 | 0.8559
PEB        | 0.8559 | 0.8560 | 0.8522 | 0.8559
PLM        | 0.8559 | 0.8560 | 0.8522 | 0.8559
PMO        | 0.8559 | 0.8560 | 0.8522 | 0.8559

Epoch 6
ABE        | 0.8472 | 0.8527 | 0.8466 | 0.8472
ART        | 0.8472 | 0.8527 | 0.8466 | 0.8472
BAS        | 0.8472 | 0.8527 | 0.8466 | 0.8472
BLA        | 0.8472 | 0.8527 | 0.8466 | 0.8472
EBO        | 0.8472 | 0.8527 | 0.8466 | 0.8472
EOS        | 0.8472 | 0.8527 | 0.8466 | 0.8472
FGC        | 0.8472 | 0.8527 | 0.8466 | 0.8472
HAC        | 0.8472 | 0.8527 | 0.8466 | 0.8472
KSC        | 0.8472 | 0.8527 | 0.8466 | 0.8472
LYI        | 0.8472 | 0.8527 | 0.8466 | 0.8472
LYT        | 0.8472 | 0.8527 | 0.8466 | 0.8472
MMZ        | 0.8472 | 0.8527 | 0.8466 | 0.8472
MON        | 0.8472 | 0.8527 | 0.8466 | 0.8472
MYB        | 0.8472 | 0.8527 | 0.8466 | 0.8472
NGB        | 0.8472 | 0.8527 | 0.8466 | 0.8472
NGS        | 0.8472 | 0.8527 | 0.8466 | 0.8472
NIF        | 0.8472 | 0.8527 | 0.8466 | 0.8472
OTH        | 0.8472 | 0.8527 | 0.8466 | 0.8472
PEB        | 0.8472 | 0.8527 | 0.8466 | 0.8472
PLM        | 0.8472 | 0.8527 | 0.8466 | 0.8472
PMO        | 0.8472 | 0.8527 | 0.8466 | 0.8472

Epoch 7
ABE        | 0.8565 | 0.8574 | 0.8551 | 0.8565
ART        | 0.8565 | 0.8574 | 0.8551 | 0.8565
BAS        | 0.8565 | 0.8574 | 0.8551 | 0.8565
BLA        | 0.8565 | 0.8574 | 0.8551 | 0.8565
EBO        | 0.8565 | 0.8574 | 0.8551 | 0.8565
EOS        | 0.8565 | 0.8574 | 0.8551 | 0.8565
FGC        | 0.8565 | 0.8574 | 0.8551 | 0.8565
HAC        | 0.8565 | 0.8574 | 0.8551 | 0.8565
KSC        | 0.8565 | 0.8574 | 0.8551 | 0.8565
LYI        | 0.8565 | 0.8574 | 0.8551 | 0.8565
LYT        | 0.8565 | 0.8574 | 0.8551 | 0.8565
MMZ        | 0.8565 | 0.8574 | 0.8551 | 0.8565
MON        | 0.8565 | 0.8574 | 0.8551 | 0.8565
MYB        | 0.8565 | 0.8574 | 0.8551 | 0.8565
NGB        | 0.8565 | 0.8574 | 0.8551 | 0.8565
NGS        | 0.8565 | 0.8574 | 0.8551 | 0.8565
NIF        | 0.8565 | 0.8574 | 0.8551 | 0.8565
OTH        | 0.8565 | 0.8574 | 0.8551 | 0.8565
PEB        | 0.8565 | 0.8574 | 0.8551 | 0.8565
PLM        | 0.8565 | 0.8574 | 0.8551 | 0.8565
PMO        | 0.8565 | 0.8574 | 0.8551 | 0.8565

Epoch 8
ABE        | 0.8554 | 0.8555 | 0.8538 | 0.8554
ART        | 0.8554 | 0.8555 | 0.8538 | 0.8554
BAS        | 0.8554 | 0.8555 | 0.8538 | 0.8554
BLA        | 0.8554 | 0.8555 | 0.8538 | 0.8554
EBO        | 0.8554 | 0.8555 | 0.8538 | 0.8554
EOS        | 0.8554 | 0.8555 | 0.8538 | 0.8554
FGC        | 0.8554 | 0.8555 | 0.8538 | 0.8554
HAC        | 0.8554 | 0.8555 | 0.8538 | 0.8554
KSC        | 0.8554 | 0.8555 | 0.8538 | 0.8554
LYI        | 0.8554 | 0.8555 | 0.8538 | 0.8554
LYT        | 0.8554 | 0.8555 | 0.8538 | 0.8554
MMZ        | 0.8554 | 0.8555 | 0.8538 | 0.8554
MON        | 0.8554 | 0.8555 | 0.8538 | 0.8554
MYB        | 0.8554 | 0.8555 | 0.8538 | 0.8554
NGB        | 0.8554 | 0.8555 | 0.8538 | 0.8554
NGS        | 0.8554 | 0.8555 | 0.8538 | 0.8554
NIF        | 0.8554 | 0.8555 | 0.8538 | 0.8554
OTH        | 0.8554 | 0.8555 | 0.8538 | 0.8554
PEB        | 0.8554 | 0.8555 | 0.8538 | 0.8554
PLM        | 0.8554 | 0.8555 | 0.8538 | 0.8554
PMO        | 0.8554 | 0.8555 | 0.8538 | 0.8554

Epoch 9
ABE        | 0.8544 | 0.8516 | 0.8497 | 0.8544
ART        | 0.8544 | 0.8516 | 0.8497 | 0.8544
BAS        | 0.8544 | 0.8516 | 0.8497 | 0.8544
BLA        | 0.8544 | 0.8516 | 0.8497 | 0.8544
EBO        | 0.8544 | 0.8516 | 0.8497 | 0.8544
EOS        | 0.8544 | 0.8516 | 0.8497 | 0.8544
FGC        | 0.8544 | 0.8516 | 0.8497 | 0.8544
HAC        | 0.8544 | 0.8516 | 0.8497 | 0.8544
KSC        | 0.8544 | 0.8516 | 0.8497 | 0.8544
LYI        | 0.8544 | 0.8516 | 0.8497 | 0.8544
LYT        | 0.8544 | 0.8516 | 0.8497 | 0.8544
MMZ        | 0.8544 | 0.8516 | 0.8497 | 0.8544
MON        | 0.8544 | 0.8516 | 0.8497 | 0.8544
MYB        | 0.8544 | 0.8516 | 0.8497 | 0.8544
NGB        | 0.8544 | 0.8516 | 0.8497 | 0.8544
NGS        | 0.8544 | 0.8516 | 0.8497 | 0.8544
NIF        | 0.8544 | 0.8516 | 0.8497 | 0.8544
OTH        | 0.8544 | 0.8516 | 0.8497 | 0.8544
PEB        | 0.8544 | 0.8516 | 0.8497 | 0.8544
PLM        | 0.8544 | 0.8516 | 0.8497 | 0.8544
PMO        | 0.8544 | 0.8516 | 0.8497 | 0.8544

Epoch 10
ABE        | 0.8541 | 0.8581 | 0.8542 | 0.8541
ART        | 0.8541 | 0.8581 | 0.8542 | 0.8541
BAS        | 0.8541 | 0.8581 | 0.8542 | 0.8541
BLA        | 0.8541 | 0.8581 | 0.8542 | 0.8541
EBO        | 0.8541 | 0.8581 | 0.8542 | 0.8541
EOS        | 0.8541 | 0.8581 | 0.8542 | 0.8541
FGC        | 0.8541 | 0.8581 | 0.8542 | 0.8541
HAC        | 0.8541 | 0.8581 | 0.8542 | 0.8541
KSC        | 0.8541 | 0.8581 | 0.8542 | 0.8541
LYI        | 0.8541 | 0.8581 | 0.8542 | 0.8541
LYT        | 0.8541 | 0.8581 | 0.8542 | 0.8541
MMZ        | 0.8541 | 0.8581 | 0.8542 | 0.8541
MON        | 0.8541 | 0.8581 | 0.8542 | 0.8541
MYB        | 0.8541 | 0.8581 | 0.8542 | 0.8541
NGB        | 0.8541 | 0.8581 | 0.8542 | 0.8541
NGS        | 0.8541 | 0.8581 | 0.8542 | 0.8541
NIF        | 0.8541 | 0.8581 | 0.8542 | 0.8541
OTH        | 0.8541 | 0.8581 | 0.8542 | 0.8541
PEB        | 0.8541 | 0.8581 | 0.8542 | 0.8541
PLM        | 0.8541 | 0.8581 | 0.8542 | 0.8541
PMO        | 0.8541 | 0.8581 | 0.8542 | 0.8541

Epoch 11
ABE        | 0.8535 | 0.8544 | 0.8517 | 0.8535
ART        | 0.8535 | 0.8544 | 0.8517 | 0.8535
BAS        | 0.8535 | 0.8544 | 0.8517 | 0.8535
BLA        | 0.8535 | 0.8544 | 0.8517 | 0.8535
EBO        | 0.8535 | 0.8544 | 0.8517 | 0.8535
EOS        | 0.8535 | 0.8544 | 0.8517 | 0.8535
FGC        | 0.8535 | 0.8544 | 0.8517 | 0.8535
HAC        | 0.8535 | 0.8544 | 0.8517 | 0.8535
KSC        | 0.8535 | 0.8544 | 0.8517 | 0.8535
LYI        | 0.8535 | 0.8544 | 0.8517 | 0.8535
LYT        | 0.8535 | 0.8544 | 0.8517 | 0.8535
MMZ        | 0.8535 | 0.8544 | 0.8517 | 0.8535
MON        | 0.8535 | 0.8544 | 0.8517 | 0.8535
MYB        | 0.8535 | 0.8544 | 0.8517 | 0.8535
NGB        | 0.8535 | 0.8544 | 0.8517 | 0.8535
NGS        | 0.8535 | 0.8544 | 0.8517 | 0.8535
NIF        | 0.8535 | 0.8544 | 0.8517 | 0.8535
OTH        | 0.8535 | 0.8544 | 0.8517 | 0.8535
PEB        | 0.8535 | 0.8544 | 0.8517 | 0.8535
PLM        | 0.8535 | 0.8544 | 0.8517 | 0.8535
PMO        | 0.8535 | 0.8544 | 0.8517 | 0.8535

Epoch 12
ABE        | 0.8458 | 0.8460 | 0.8434 | 0.8458
ART        | 0.8458 | 0.8460 | 0.8434 | 0.8458
BAS        | 0.8458 | 0.8460 | 0.8434 | 0.8458
BLA        | 0.8458 | 0.8460 | 0.8434 | 0.8458
EBO        | 0.8458 | 0.8460 | 0.8434 | 0.8458
EOS        | 0.8458 | 0.8460 | 0.8434 | 0.8458
FGC        | 0.8458 | 0.8460 | 0.8434 | 0.8458
HAC        | 0.8458 | 0.8460 | 0.8434 | 0.8458
KSC        | 0.8458 | 0.8460 | 0.8434 | 0.8458
LYI        | 0.8458 | 0.8460 | 0.8434 | 0.8458
LYT        | 0.8458 | 0.8460 | 0.8434 | 0.8458
MMZ        | 0.8458 | 0.8460 | 0.8434 | 0.8458
MON        | 0.8458 | 0.8460 | 0.8434 | 0.8458
MYB        | 0.8458 | 0.8460 | 0.8434 | 0.8458
NGB        | 0.8458 | 0.8460 | 0.8434 | 0.8458
NGS        | 0.8458 | 0.8460 | 0.8434 | 0.8458
NIF        | 0.8458 | 0.8460 | 0.8434 | 0.8458
OTH        | 0.8458 | 0.8460 | 0.8434 | 0.8458
PEB        | 0.8458 | 0.8460 | 0.8434 | 0.8458
PLM        | 0.8458 | 0.8460 | 0.8434 | 0.8458
PMO        | 0.8458 | 0.8460 | 0.8434 | 0.8458

Epoch 13
ABE        | 0.8444 | 0.8478 | 0.8444 | 0.8444
ART        | 0.8444 | 0.8478 | 0.8444 | 0.8444
BAS        | 0.8444 | 0.8478 | 0.8444 | 0.8444
BLA        | 0.8444 | 0.8478 | 0.8444 | 0.8444
EBO        | 0.8444 | 0.8478 | 0.8444 | 0.8444
EOS        | 0.8444 | 0.8478 | 0.8444 | 0.8444
FGC        | 0.8444 | 0.8478 | 0.8444 | 0.8444
HAC        | 0.8444 | 0.8478 | 0.8444 | 0.8444
KSC        | 0.8444 | 0.8478 | 0.8444 | 0.8444
LYI        | 0.8444 | 0.8478 | 0.8444 | 0.8444
LYT        | 0.8444 | 0.8478 | 0.8444 | 0.8444
MMZ        | 0.8444 | 0.8478 | 0.8444 | 0.8444
MON        | 0.8444 | 0.8478 | 0.8444 | 0.8444
MYB        | 0.8444 | 0.8478 | 0.8444 | 0.8444
NGB        | 0.8444 | 0.8478 | 0.8444 | 0.8444
NGS        | 0.8444 | 0.8478 | 0.8444 | 0.8444
NIF        | 0.8444 | 0.8478 | 0.8444 | 0.8444
OTH        | 0.8444 | 0.8478 | 0.8444 | 0.8444
PEB        | 0.8444 | 0.8478 | 0.8444 | 0.8444
PLM        | 0.8444 | 0.8478 | 0.8444 | 0.8444
PMO        | 0.8444 | 0.8478 | 0.8444 | 0.8444

Epoch 14
ABE        | 0.8479 | 0.8456 | 0.8452 | 0.8479
ART        | 0.8479 | 0.8456 | 0.8452 | 0.8479
BAS        | 0.8479 | 0.8456 | 0.8452 | 0.8479
BLA        | 0.8479 | 0.8456 | 0.8452 | 0.8479
EBO        | 0.8479 | 0.8456 | 0.8452 | 0.8479
EOS        | 0.8479 | 0.8456 | 0.8452 | 0.8479
FGC        | 0.8479 | 0.8456 | 0.8452 | 0.8479
HAC        | 0.8479 | 0.8456 | 0.8452 | 0.8479
KSC        | 0.8479 | 0.8456 | 0.8452 | 0.8479
LYI        | 0.8479 | 0.8456 | 0.8452 | 0.8479
LYT        | 0.8479 | 0.8456 | 0.8452 | 0.8479
MMZ        | 0.8479 | 0.8456 | 0.8452 | 0.8479
MON        | 0.8479 | 0.8456 | 0.8452 | 0.8479
MYB        | 0.8479 | 0.8456 | 0.8452 | 0.8479
NGB        | 0.8479 | 0.8456 | 0.8452 | 0.8479
NGS        | 0.8479 | 0.8456 | 0.8452 | 0.8479
NIF        | 0.8479 | 0.8456 | 0.8452 | 0.8479
OTH        | 0.8479 | 0.8456 | 0.8452 | 0.8479
PEB        | 0.8479 | 0.8456 | 0.8452 | 0.8479
PLM        | 0.8479 | 0.8456 | 0.8452 | 0.8479
PMO        | 0.8479 | 0.8456 | 0.8452 | 0.8479

Epoch 15
ABE        | 0.8461 | 0.8441 | 0.8431 | 0.8461
ART        | 0.8461 | 0.8441 | 0.8431 | 0.8461
BAS        | 0.8461 | 0.8441 | 0.8431 | 0.8461
BLA        | 0.8461 | 0.8441 | 0.8431 | 0.8461
EBO        | 0.8461 | 0.8441 | 0.8431 | 0.8461
EOS        | 0.8461 | 0.8441 | 0.8431 | 0.8461
FGC        | 0.8461 | 0.8441 | 0.8431 | 0.8461
HAC        | 0.8461 | 0.8441 | 0.8431 | 0.8461
KSC        | 0.8461 | 0.8441 | 0.8431 | 0.8461
LYI        | 0.8461 | 0.8441 | 0.8431 | 0.8461
LYT        | 0.8461 | 0.8441 | 0.8431 | 0.8461
MMZ        | 0.8461 | 0.8441 | 0.8431 | 0.8461
MON        | 0.8461 | 0.8441 | 0.8431 | 0.8461
MYB        | 0.8461 | 0.8441 | 0.8431 | 0.8461
NGB        | 0.8461 | 0.8441 | 0.8431 | 0.8461
NGS        | 0.8461 | 0.8441 | 0.8431 | 0.8461
NIF        | 0.8461 | 0.8441 | 0.8431 | 0.8461
OTH        | 0.8461 | 0.8441 | 0.8431 | 0.8461
PEB        | 0.8461 | 0.8441 | 0.8431 | 0.8461
PLM        | 0.8461 | 0.8441 | 0.8431 | 0.8461
PMO        | 0.8461 | 0.8441 | 0.8431 | 0.8461

Epoch 16
ABE        | 0.8477 | 0.8503 | 0.8470 | 0.8477
ART        | 0.8477 | 0.8503 | 0.8470 | 0.8477
BAS        | 0.8477 | 0.8503 | 0.8470 | 0.8477
BLA        | 0.8477 | 0.8503 | 0.8470 | 0.8477
EBO        | 0.8477 | 0.8503 | 0.8470 | 0.8477
EOS        | 0.8477 | 0.8503 | 0.8470 | 0.8477
FGC        | 0.8477 | 0.8503 | 0.8470 | 0.8477
HAC        | 0.8477 | 0.8503 | 0.8470 | 0.8477
KSC        | 0.8477 | 0.8503 | 0.8470 | 0.8477
LYI        | 0.8477 | 0.8503 | 0.8470 | 0.8477
LYT        | 0.8477 | 0.8503 | 0.8470 | 0.8477
MMZ        | 0.8477 | 0.8503 | 0.8470 | 0.8477
MON        | 0.8477 | 0.8503 | 0.8470 | 0.8477
MYB        | 0.8477 | 0.8503 | 0.8470 | 0.8477
NGB        | 0.8477 | 0.8503 | 0.8470 | 0.8477
NGS        | 0.8477 | 0.8503 | 0.8470 | 0.8477
NIF        | 0.8477 | 0.8503 | 0.8470 | 0.8477
OTH        | 0.8477 | 0.8503 | 0.8470 | 0.8477
PEB        | 0.8477 | 0.8503 | 0.8470 | 0.8477
PLM        | 0.8477 | 0.8503 | 0.8470 | 0.8477
PMO        | 0.8477 | 0.8503 | 0.8470 | 0.8477

Epoch 17
ABE        | 0.8440 | 0.8433 | 0.8429 | 0.8440
ART        | 0.8440 | 0.8433 | 0.8429 | 0.8440
BAS        | 0.8440 | 0.8433 | 0.8429 | 0.8440
BLA        | 0.8440 | 0.8433 | 0.8429 | 0.8440
EBO        | 0.8440 | 0.8433 | 0.8429 | 0.8440
EOS        | 0.8440 | 0.8433 | 0.8429 | 0.8440
FGC        | 0.8440 | 0.8433 | 0.8429 | 0.8440
HAC        | 0.8440 | 0.8433 | 0.8429 | 0.8440
KSC        | 0.8440 | 0.8433 | 0.8429 | 0.8440
LYI        | 0.8440 | 0.8433 | 0.8429 | 0.8440
LYT        | 0.8440 | 0.8433 | 0.8429 | 0.8440
MMZ        | 0.8440 | 0.8433 | 0.8429 | 0.8440
MON        | 0.8440 | 0.8433 | 0.8429 | 0.8440
MYB        | 0.8440 | 0.8433 | 0.8429 | 0.8440
NGB        | 0.8440 | 0.8433 | 0.8429 | 0.8440
NGS        | 0.8440 | 0.8433 | 0.8429 | 0.8440
NIF        | 0.8440 | 0.8433 | 0.8429 | 0.8440
OTH        | 0.8440 | 0.8433 | 0.8429 | 0.8440
PEB        | 0.8440 | 0.8433 | 0.8429 | 0.8440
PLM        | 0.8440 | 0.8433 | 0.8429 | 0.8440
PMO        | 0.8440 | 0.8433 | 0.8429 | 0.8440

Epoch 18
ABE        | 0.8486 | 0.8471 | 0.8469 | 0.8486
ART        | 0.8486 | 0.8471 | 0.8469 | 0.8486
BAS        | 0.8486 | 0.8471 | 0.8469 | 0.8486
BLA        | 0.8486 | 0.8471 | 0.8469 | 0.8486
EBO        | 0.8486 | 0.8471 | 0.8469 | 0.8486
EOS        | 0.8486 | 0.8471 | 0.8469 | 0.8486
FGC        | 0.8486 | 0.8471 | 0.8469 | 0.8486
HAC        | 0.8486 | 0.8471 | 0.8469 | 0.8486
KSC        | 0.8486 | 0.8471 | 0.8469 | 0.8486
LYI        | 0.8486 | 0.8471 | 0.8469 | 0.8486
LYT        | 0.8486 | 0.8471 | 0.8469 | 0.8486
MMZ        | 0.8486 | 0.8471 | 0.8469 | 0.8486
MON        | 0.8486 | 0.8471 | 0.8469 | 0.8486
MYB        | 0.8486 | 0.8471 | 0.8469 | 0.8486
NGB        | 0.8486 | 0.8471 | 0.8469 | 0.8486
NGS        | 0.8486 | 0.8471 | 0.8469 | 0.8486
NIF        | 0.8486 | 0.8471 | 0.8469 | 0.8486
OTH        | 0.8486 | 0.8471 | 0.8469 | 0.8486
PEB        | 0.8486 | 0.8471 | 0.8469 | 0.8486
PLM        | 0.8486 | 0.8471 | 0.8469 | 0.8486
PMO        | 0.8486 | 0.8471 | 0.8469 | 0.8486

Epoch 19
ABE        | 0.8430 | 0.8448 | 0.8429 | 0.8430
ART        | 0.8430 | 0.8448 | 0.8429 | 0.8430
BAS        | 0.8430 | 0.8448 | 0.8429 | 0.8430
BLA        | 0.8430 | 0.8448 | 0.8429 | 0.8430
EBO        | 0.8430 | 0.8448 | 0.8429 | 0.8430
EOS        | 0.8430 | 0.8448 | 0.8429 | 0.8430
FGC        | 0.8430 | 0.8448 | 0.8429 | 0.8430
HAC        | 0.8430 | 0.8448 | 0.8429 | 0.8430
KSC        | 0.8430 | 0.8448 | 0.8429 | 0.8430
LYI        | 0.8430 | 0.8448 | 0.8429 | 0.8430
LYT        | 0.8430 | 0.8448 | 0.8429 | 0.8430
MMZ        | 0.8430 | 0.8448 | 0.8429 | 0.8430
MON        | 0.8430 | 0.8448 | 0.8429 | 0.8430
MYB        | 0.8430 | 0.8448 | 0.8429 | 0.8430
NGB        | 0.8430 | 0.8448 | 0.8429 | 0.8430
NGS        | 0.8430 | 0.8448 | 0.8429 | 0.8430
NIF        | 0.8430 | 0.8448 | 0.8429 | 0.8430
OTH        | 0.8430 | 0.8448 | 0.8429 | 0.8430
PEB        | 0.8430 | 0.8448 | 0.8429 | 0.8430
PLM        | 0.8430 | 0.8448 | 0.8429 | 0.8430
PMO        | 0.8430 | 0.8448 | 0.8429 | 0.8430

Epoch 20
ABE        | 0.8421 | 0.8413 | 0.8405 | 0.8421
ART        | 0.8421 | 0.8413 | 0.8405 | 0.8421
BAS        | 0.8421 | 0.8413 | 0.8405 | 0.8421
BLA        | 0.8421 | 0.8413 | 0.8405 | 0.8421
EBO        | 0.8421 | 0.8413 | 0.8405 | 0.8421
EOS        | 0.8421 | 0.8413 | 0.8405 | 0.8421
FGC        | 0.8421 | 0.8413 | 0.8405 | 0.8421
HAC        | 0.8421 | 0.8413 | 0.8405 | 0.8421
KSC        | 0.8421 | 0.8413 | 0.8405 | 0.8421
LYI        | 0.8421 | 0.8413 | 0.8405 | 0.8421
LYT        | 0.8421 | 0.8413 | 0.8405 | 0.8421
MMZ        | 0.8421 | 0.8413 | 0.8405 | 0.8421
MON        | 0.8421 | 0.8413 | 0.8405 | 0.8421
MYB        | 0.8421 | 0.8413 | 0.8405 | 0.8421
NGB        | 0.8421 | 0.8413 | 0.8405 | 0.8421
NGS        | 0.8421 | 0.8413 | 0.8405 | 0.8421
NIF        | 0.8421 | 0.8413 | 0.8405 | 0.8421
OTH        | 0.8421 | 0.8413 | 0.8405 | 0.8421
PEB        | 0.8421 | 0.8413 | 0.8405 | 0.8421
PLM        | 0.8421 | 0.8413 | 0.8405 | 0.8421
PMO        | 0.8421 | 0.8413 | 0.8405 | 0.8421

Epoch 21
ABE        | 0.8460 | 0.8427 | 0.8430 | 0.8460
ART        | 0.8460 | 0.8427 | 0.8430 | 0.8460
BAS        | 0.8460 | 0.8427 | 0.8430 | 0.8460
BLA        | 0.8460 | 0.8427 | 0.8430 | 0.8460
EBO        | 0.8460 | 0.8427 | 0.8430 | 0.8460
EOS        | 0.8460 | 0.8427 | 0.8430 | 0.8460
FGC        | 0.8460 | 0.8427 | 0.8430 | 0.8460
HAC        | 0.8460 | 0.8427 | 0.8430 | 0.8460
KSC        | 0.8460 | 0.8427 | 0.8430 | 0.8460
LYI        | 0.8460 | 0.8427 | 0.8430 | 0.8460
LYT        | 0.8460 | 0.8427 | 0.8430 | 0.8460
MMZ        | 0.8460 | 0.8427 | 0.8430 | 0.8460
MON        | 0.8460 | 0.8427 | 0.8430 | 0.8460
MYB        | 0.8460 | 0.8427 | 0.8430 | 0.8460
NGB        | 0.8460 | 0.8427 | 0.8430 | 0.8460
NGS        | 0.8460 | 0.8427 | 0.8430 | 0.8460
NIF        | 0.8460 | 0.8427 | 0.8430 | 0.8460
OTH        | 0.8460 | 0.8427 | 0.8430 | 0.8460
PEB        | 0.8460 | 0.8427 | 0.8430 | 0.8460
PLM        | 0.8460 | 0.8427 | 0.8430 | 0.8460
PMO        | 0.8460 | 0.8427 | 0.8430 | 0.8460

Epoch 22
ABE        | 0.8437 | 0.8412 | 0.8407 | 0.8437
ART        | 0.8437 | 0.8412 | 0.8407 | 0.8437
BAS        | 0.8437 | 0.8412 | 0.8407 | 0.8437
BLA        | 0.8437 | 0.8412 | 0.8407 | 0.8437
EBO        | 0.8437 | 0.8412 | 0.8407 | 0.8437
EOS        | 0.8437 | 0.8412 | 0.8407 | 0.8437
FGC        | 0.8437 | 0.8412 | 0.8407 | 0.8437
HAC        | 0.8437 | 0.8412 | 0.8407 | 0.8437
KSC        | 0.8437 | 0.8412 | 0.8407 | 0.8437
LYI        | 0.8437 | 0.8412 | 0.8407 | 0.8437
LYT        | 0.8437 | 0.8412 | 0.8407 | 0.8437
MMZ        | 0.8437 | 0.8412 | 0.8407 | 0.8437
MON        | 0.8437 | 0.8412 | 0.8407 | 0.8437
MYB        | 0.8437 | 0.8412 | 0.8407 | 0.8437
NGB        | 0.8437 | 0.8412 | 0.8407 | 0.8437
NGS        | 0.8437 | 0.8412 | 0.8407 | 0.8437
NIF        | 0.8437 | 0.8412 | 0.8407 | 0.8437
OTH        | 0.8437 | 0.8412 | 0.8407 | 0.8437
PEB        | 0.8437 | 0.8412 | 0.8407 | 0.8437
PLM        | 0.8437 | 0.8412 | 0.8407 | 0.8437
PMO        | 0.8437 | 0.8412 | 0.8407 | 0.8437

Epoch 23
ABE        | 0.8490 | 0.8495 | 0.8479 | 0.8490
ART        | 0.8490 | 0.8495 | 0.8479 | 0.8490
BAS        | 0.8490 | 0.8495 | 0.8479 | 0.8490
BLA        | 0.8490 | 0.8495 | 0.8479 | 0.8490
EBO        | 0.8490 | 0.8495 | 0.8479 | 0.8490
EOS        | 0.8490 | 0.8495 | 0.8479 | 0.8490
FGC        | 0.8490 | 0.8495 | 0.8479 | 0.8490
HAC        | 0.8490 | 0.8495 | 0.8479 | 0.8490
KSC        | 0.8490 | 0.8495 | 0.8479 | 0.8490
LYI        | 0.8490 | 0.8495 | 0.8479 | 0.8490
LYT        | 0.8490 | 0.8495 | 0.8479 | 0.8490
MMZ        | 0.8490 | 0.8495 | 0.8479 | 0.8490
MON        | 0.8490 | 0.8495 | 0.8479 | 0.8490
MYB        | 0.8490 | 0.8495 | 0.8479 | 0.8490
NGB        | 0.8490 | 0.8495 | 0.8479 | 0.8490
NGS        | 0.8490 | 0.8495 | 0.8479 | 0.8490
NIF        | 0.8490 | 0.8495 | 0.8479 | 0.8490
OTH        | 0.8490 | 0.8495 | 0.8479 | 0.8490
PEB        | 0.8490 | 0.8495 | 0.8479 | 0.8490
PLM        | 0.8490 | 0.8495 | 0.8479 | 0.8490
PMO        | 0.8490 | 0.8495 | 0.8479 | 0.8490

Epoch 24
ABE        | 0.8405 | 0.8408 | 0.8395 | 0.8405
ART        | 0.8405 | 0.8408 | 0.8395 | 0.8405
BAS        | 0.8405 | 0.8408 | 0.8395 | 0.8405
BLA        | 0.8405 | 0.8408 | 0.8395 | 0.8405
EBO        | 0.8405 | 0.8408 | 0.8395 | 0.8405
EOS        | 0.8405 | 0.8408 | 0.8395 | 0.8405
FGC        | 0.8405 | 0.8408 | 0.8395 | 0.8405
HAC        | 0.8405 | 0.8408 | 0.8395 | 0.8405
KSC        | 0.8405 | 0.8408 | 0.8395 | 0.8405
LYI        | 0.8405 | 0.8408 | 0.8395 | 0.8405
LYT        | 0.8405 | 0.8408 | 0.8395 | 0.8405
MMZ        | 0.8405 | 0.8408 | 0.8395 | 0.8405
MON        | 0.8405 | 0.8408 | 0.8395 | 0.8405
MYB        | 0.8405 | 0.8408 | 0.8395 | 0.8405
NGB        | 0.8405 | 0.8408 | 0.8395 | 0.8405
NGS        | 0.8405 | 0.8408 | 0.8395 | 0.8405
NIF        | 0.8405 | 0.8408 | 0.8395 | 0.8405
OTH        | 0.8405 | 0.8408 | 0.8395 | 0.8405
PEB        | 0.8405 | 0.8408 | 0.8395 | 0.8405
PLM        | 0.8405 | 0.8408 | 0.8395 | 0.8405
PMO        | 0.8405 | 0.8408 | 0.8395 | 0.8405

Epoch 25
ABE        | 0.8418 | 0.8414 | 0.8405 | 0.8418
ART        | 0.8418 | 0.8414 | 0.8405 | 0.8418
BAS        | 0.8418 | 0.8414 | 0.8405 | 0.8418
BLA        | 0.8418 | 0.8414 | 0.8405 | 0.8418
EBO        | 0.8418 | 0.8414 | 0.8405 | 0.8418
EOS        | 0.8418 | 0.8414 | 0.8405 | 0.8418
FGC        | 0.8418 | 0.8414 | 0.8405 | 0.8418
HAC        | 0.8418 | 0.8414 | 0.8405 | 0.8418
KSC        | 0.8418 | 0.8414 | 0.8405 | 0.8418
LYI        | 0.8418 | 0.8414 | 0.8405 | 0.8418
LYT        | 0.8418 | 0.8414 | 0.8405 | 0.8418
MMZ        | 0.8418 | 0.8414 | 0.8405 | 0.8418
MON        | 0.8418 | 0.8414 | 0.8405 | 0.8418
MYB        | 0.8418 | 0.8414 | 0.8405 | 0.8418
NGB        | 0.8418 | 0.8414 | 0.8405 | 0.8418
NGS        | 0.8418 | 0.8414 | 0.8405 | 0.8418
NIF        | 0.8418 | 0.8414 | 0.8405 | 0.8418
OTH        | 0.8418 | 0.8414 | 0.8405 | 0.8418
PEB        | 0.8418 | 0.8414 | 0.8405 | 0.8418
PLM        | 0.8418 | 0.8414 | 0.8405 | 0.8418
PMO        | 0.8418 | 0.8414 | 0.8405 | 0.8418

